#!/bin/bash

# Define an array of warehouseInventoryId values
warehouseInventoryIds=(906644
906645
906646
906647
906650
906651
906652
906653
906654
906655
906656
906657
906658
906659
906660
906663
906665
906666
906667
906669
906670
906671
906672
906673
906674
906675
906676
906677
906678
906680
906682
906683
906684
906685
906686
906687
906688
906690
906691
906692
906693
906694
906695
906697
906698
906699
906700
906701
906702
906703
906704
906705
906706
906707
906709
906710
906712
906715
906717
906718
906719
906720
906721
906722
906724
906726
906727
906729
906731
906732
906733
906734
906735
906736
906738
906740
906741
906742
906745
906746
906747
906748
906750
906751
906752
906753
906755
906757
906758
906759
906760
906761
906762
906763
906764
906765
906767
906768
906769
906773
906774
906775
906776
906777
906778
906779
906781
906783
906784
906785
906787
906788
906791
906792
906793
906795
906797
906798
906799
906800
906801
906802
906804
906806
906807
906808
906809
906810
906812
906813
906814
906815
906816
906817
906818
906819
906821
906822
906823
906824
906825
906826
906827
906828
906829
906830
906831
906832
906833
906835
906836
906837
906838
906840
906842
906844
906845
906846
906847
906848
906850
906851
906852
906853
906854
906857
906859
906860
906861
906862
906865
906867
906869
906871
906872
906874
906876
906877
906878
906879
906882
906883
906885
906886
906888
906889
906890
906891
906892
906893
906894
906895
906896
906897
906898
906900
906901
906902
906903
906904
906905
906906
906907
906908
906909
906910
906914
906915
906916
906917
906918
906919
906921
906923
906925
906926
906927
906928
906929
906930
906931
906932
906933
906934
906935
906936
906937
906939
906942
906943
906944
906945
906946
906947
906948
906949
906950
906951
906952
906953
906954
906955
906956
906958
906959
906960
906961
906962
906963
906964
906965
906966
906967
906968
906969
906970
906971
906973
906975
906976
906977
906978
906979
906980
906983
906984
906985
906988
906989
906990
906991
906996
906998
906999
907000
907002
907003
907004
907005
907006
907007
907008
907009
907010
907012
907013
907014
907015
907016
907018
907019
907020
907022
907024
907025
907026
907027
907028
907030
907031
907037
907039
907040
907041
907042
907044
907045
907046
907047
907048
907050
907051
907052
907054
907055
907056
907057
907058
907059
907060
907061
907062
907063
907064
907065
907066
907067
907068
907069
907070
907072
907073
907074
907075
907076
907077
907078
907080
907081
907084
907086
907087
907088
907089
907090
907092
907093
907094
907095
907100
907101
907102
907103
907104
907105
907106
907107
907109
907110
907111
907112
907113
907115
907118
907119
907120
907121
907122
907123
907125
907126
907128
907129
907130
907132
907134
907135
907136
907138
907139
907140
907141
907142
907143
907144
907145
907147
907148
907149
907152
907154
907157
907159
907161
907162
907164
907165
907166
907168
907170
907171
907172
907174
907175
907178
907179
907180
907181
907182
907183
907184
907185
907186
907187
907189
907190
907193
907194
907195
907196
907197
907198
907199
907200
907201
907203
907204
907205
907206
907207
907208
907210
907211
907214
907222
907223
907224
907225
907226
907229
907230
907232
907233
907235
907236
907237
907238
907239
907240
907241
907242
907243
907245
907247
907248
907249
907252
907253
907254
907255
907257
907259
907260
907263
907264
907266
907267
907268
907270
907271
907273
907275
907276
907277
907279
907280
907281
907283
907285
907286
907288
907289
907291
907292
907293
907294
907295
907298
907299
907300
907301
907302
907304
907305
907306
907308
907310
907311
907313
907314
907315
907317
907318
907321
907322
907323
907325
907327
907328
907330
907331
907332
907333
907334
907337
907338
907339
907341
907342
907343
907347
907349
907350
907351
907353
907354
907355
907356
907357
907358
907359
907361
907362
907363
907364
907365
907366
907367
907370
907371
907373
907374
907375
907377
907379
907380
907381
907382
907383
907384
907385
907387
907389
907390
907392
907393
907394
907395
907397
907398
907399
907400
907401
907402
907403
907404
907406
907407
907408
907409
907412
907414
907416
907417
907418
907420
907422
907423
907424
907428
907429
907430
907431
907432
907433
907434
907435
907436
907437
907438
907440
907441
907442
907443
907444
907445
907446
907450
907451
907453
907454
907455
907456
907458
907459
907460
907461
907462
907467
907469
907470
907471
907472
907473
907474
907475
907476
907477
907478
907479
907480
907481
907482
907483
907484
907487
907489
907490
907491
907493
907495
907496
907497
907498
907499
907500
907501
907502
907503
907504
907505
907507
907508
907509
907510
907511
907512
907514
907515
907516
907517
907518
907519
907520
907521
907522
907524
907526
907527
907529
907530
907531
907534
907535
907536
907537
907538
907544
907545
907546
907547
907548
907550
907551
907553
907554
907555
907556
907557
907558
907559
907560
907563
907565
907566
907569
907570
907572
907573
907575
907576
907577
907578
907579
907580
907582
907583
907585
907586
907587
907588
907589
907590
907592
907593
907594
907595
907597
907598
907600
907602
907603
907604
907605
907607
907608
907609
907611
907612
907613
907614
907615
907616
907617
907618
907619
907620
907621
907622
907623
907624
907625
907626
907629
907630
907631
907632
907633
907634
907636
907637
907638
907639
907640
907641
907642
907643
907644
907646
907647
907648
907649
907650
907651
907652
907653
907654
907656
907658
907659
907660
907661
907662
907663
907664
907665
907666
907667
907668
907669
907671
907673
907674
907675
907676
907677
907679
907680
907681
907683
907684
907687
907688
907689
907690
907692
907693
907694
907695
907696
907697
907698
907699
907700
907701
907703
907704
907706
907707
907710
907711
907712
907713
907715
907717
907718
907719
907720
907721
907725
907726
907727
907728
907729
907730
907731
907732
907733
907734
907735
907736
907739
907740
907741
907742
907743
907744
907745
907746
907747
907748
907749
907751
907752
907754
907755
907756
907758
907760
907761
907762
907763
907764
907766
907767
907768
907770
907771
907772
907773
907775
907776
907777
907778
907779
907780
907781
907782
907783
907784
907787
907788
907789
907790
907791
907792
907793
907796
907799
907801
907802
907803
907804
907805
907806
907807
907808
907809
907811
907812
907815
907818
907819
907820
907821
907822
907824
907825
907826
907827
907830
907831
907832
907833
907836
907837
907839
907840
907841
907843
907846
907847
907849
907853
907854
907855
907856
907857
907860
907861
907864
907865
907866
907868
907869
907870
907871
907873
907874
907875
907876
907878
907880
907881
907882
907883
907884
907885
907886
907887
907888
907891
907892
907893
907895
907896
907897
907898
907899
907903
907904
907905
907906
907907
907909
907910
907911
907912
907913
907914
907916
907917
907920
907921
907923
907924
907926
907927
907928
907929
907932
907934
907935
907936
907937
907939
907940
907941
907942
907943
907944
907945
907946
907948
907949
907950
907951
907952
907953
907954
907956
907957
907958
907960
907961
907962
907964
907965
907966
907967
907969
907970
907971
907972
907973
907974
907975
907976
907979
907980
907982
907983
907984
907985
907986
907987
907988
907989
907990
907991
907992
907993
907994
907995
907996
907997
907998
907999
908001
908002
908003
908004
908005
908006
908007
908008
908009
908011
908012
908014
908015
908016
908017
908018
908020
908021
908023
908024
908025
908026
908027
908028
908029
908030
908032
908033
908034
908036
908037
908038
908039
908040
908041
908042
908043
908044
908045
908046
908048
908049
908051
908052
908054
908055
908056
908058
908059
908060
908062
908063
908064
908066
908068
908069
908070
908071
908072
908073
908075
908076
908079
908081
908082
908083
908084
908085
908086
908088
908089
908090
908091
908092
908093
908094
908095
908096
908097
908099
908101
908103
908104
908105
908106
908107
908108
908109
908110
908111
908112
908113
908114
908115
908116
908117
908118
908119
908120
908123
908125
908126
908127
908128
908129
908131
908134
908135
908138
908139
908140
908141
908142
908143
908144
908145
908149
908150
908152
908154
908157
908158
908160
908161
908162
908163
908164
908165
908166
908167
908168
908169
908171
908172
908173
908174
908175
908176
908177
908178
908179
908180
908181
908182
908183
908184
908185
908186
908187
908189
908190
908191
908192
908193
908194
908195
908196
908197
908198
908199
908200
908201
908202
908203
908204
908206
908207
908208
908209
908211
908212
908213
908215
908216
908217
908219
908220
908221
908223
908224
908225
908228
908231
908232
908233
908234
908235
908236
908237
908238
908239
908240
908241
908242
908243
908244
908245
908247
908248
908249
908250
908252
908253
908254
908256
908258
908259
908260
908261
908262
908263
908265
908266
908268
908269
908270
908271
908272
908276
908277
908279
908280
908283
908284
908285
908286
908287
908288
908289
908290
908291
908292
908293
908294
908297
908298
908299
908300
908301
908302
908303
908304
908306
908307
908308
908309
908310
908311
908313
908314
908315
908316
908317
908318
908320
908321
908322
908323
908324
908326
908328
908329
908330
908331
908332
908333
908334
908337
908338
908339
908341
908342
908343
908344
908345
908347
908348
908350
908351
908353
908354
908357
908358
908359
908360
908361
908363
908364
908365
908366
908367
908368
908369
908370
908371
908377
908380
908384
908385
908387
908388
908389
908390
908391
908392
908393
908396
908398
908400
908401
908402
908403
908404
908405
908406
908407
908408
908409
908410
908413
908414
908417
908418
908420
908423
908424
908425
908426
908429
908430
908434
908435
908436
908437
908438
908440
908441
908442
908443
908444
908445
908446
908447
908449
908450
908451
908452
908453
908454
908455
908456
908457
908459
908460
908462
908463
908464
908465
908466
908468
908469
908470
908472
908473
908474
908554
908556
908557
908558
908559
908560
908562
908563
908564
908565
908566
908568
908569
908570
908571
908573
908574
908575
908576
908578
908579
908580
908678
908680
908683
908684
908687
908689
908690
908692
908693
908694
908695
908696
908697
908702
908703
908706
908707
908708
908710
908712
908713
908715
908717
908719
908722
908725
908726
908728
908730
908731
908732
908733
908734
908735
908737
908738
908739
908742
908743
908744
908745
908748
908749
908750
908751
908753
908754
908756
908760
908761
908762
908764
908765
908766
908767
908769
908770
908778
908780
908781
908782
908783
908784
908787
908788
908789
908790
908792
908794
908795
908796
908797
908798
908799
908804
908805
908806
908807
908808
908810
908811
908816
908820
908822
908824
908826
908828
908830
908831
908832
908833
908834
908835
908838
908839
908840
908841
908842
908843
908844
908845
908847
908848
908849
908850
908851
908852
908854
908856
908857
908916
908917
908920
908922
908924
908926
908927
908930
908931
908932
908933
908934
908937
908938
908939
908940
908942
908965
908966
908967
908968
908972
908973
908974
908975
908976
908977
908978
908979
909000
909002
909003
909004
909005
909006
909113
909115
909141
909150
909151
909152
909153
909154
909155
909156
909157
909158
909159
909160
909162
909163
909220
909497
909498
909499
909500
909501
909502
909503
909504
909507
909508
909515
909516
909518
909519
909520
909521
909522
909523
909524
909525
909526
909527
909528
909529
909530
909531
909533
909599
909600
909602
909604
909606
909607
909608
909609
909721
909722
909754
909755
909756
909757
909758
909759
909760
909762
909763
909764
909765
909766
909768
909769
909770
909771
909772
909773
909774
909775
909776
909777
909778
909779
909780
909781
909782
909784
909786
909787
909790
909791
909792
909793
909794
909795
909796
909797
909798
909799
909800
909801
909802
909803
909804
909805
909806
909807
909809
909810
909812
909813
909815
909816
909818
909819
909820
909821
909822
909823
909824
909825
909967
910012
910013
910014
910015
910044
910045
910190
910192
910193
910194
910195
910196
910199
910200
910201
910203
910204
910205
910207
910210
910211
910212
910213
910296
910297
910308
910324
910325
910326
910327
910328
910329
910330
910331
910332
910335
910336
910337
910338
910339
910341
910342
910343
910344
910345
910346
910347
910461
910462
910463
910464
910466
910468
910469
910470
910471
910472
910474
910475
910476
910477
910478
910479
910480
910481
910483
910484
910485
910486
910487
910488
910489
910491
910492
910494
910495
910496
910497
910498
910499
910500
910501
910502
910503
910504
910505
910506
910507
910508
910509
910510
910511
910512
910513
910514
910515
910516
910517
910518
910519
910520
910521
910524
910525
910527
910528
910529
910530
910531
910532
910533
910534
910535
910536
910537
910542
910543
910544
910545
910547
910548
910549
910550
910551
910554
910555
910556
910557
910558
910559
910560
910562
910563
910564
910566
910567
910568
910569
910570
910573
910574
910575
910576
910578
910579
910580
910581
910583
910584
910585
910586
910587
910588
910589
910590
910591
910595
910598
910599
910600
910601
910602
910604
910605
910607
910608
910609
910610
910611
910612
910613
910614
910615
910616
910617
910618
910619
910621
910622
910624
911093
911116
911233
911234
911313
911314
911315
911351
911506
911507
911508
911779
911780
911781
911782
911783
911784
911785
911786
911787
911788
911789
911790
911791
911793
911794
911795
911796
911797
911798
911799
911800
911801
911802
911803
911804
911809
911810
911823
911824
911826
911827
911828
911830
911831
911832
911833
911834
911835
911838
911839
911840
911841
911842
911843
911844
911845
911846
911848
911849
911850
911851
911852
911853
911854
911855
911856
911857
911858
911859
911860
911861
911862
911863
911864
911924
911925
911926
911969
912063
912387
912388
912389
912392
912393
912394
912395
912396
912398
912435
912505
912506
912560
912561
912598
912599
912600
912601
912603
912658
912660
912661
912662
912663
912664
912665
912669
912671
912672
912673
912674
912675
912676
912677
912678
912681
912683
912684
912685
912686
912687
912688
912690
912691
912693
912694
912695
912696
912697
912698
912699
912700
912701
912702
912717
912718
912738
912822
912992
912993
912994
912995
912996
912997
912998
912999
913000
913001
913002
913003
913004
913005
913006
913007
913008
913009
913011
913030
913031
913032
913033
913100
913101
913103
913104
913140
913141
913142
913143
913144
913145
913146
913147
913148
913149
913150
913151
913152
913153
913154
913155
913156
913157
913158
913159
913160
913161
913162
913163
913164
913165
913166
913168
913169
913170
913171
913172
913173
913175
913176
913178
913179
913180
913181
913182
913183
913184
913185
913186
913187
913188
913189
913190
913191
913192
913193
913194
913195
913196
913197
913198
913199
913200
913202
913204
913205
913207
913208
913210
913211
913212
913214
913215
913216
913217
913218
913219
913220
913221
913222
913223
913224
913225
913226
913227
913228
913229
913230
913231
913233
913234
913236
913237
913238
913239
913241
913242
913243
913244
913246
913247
913248
913249
913250
913251
913252
913254
913255
913256
913257
913258
913259
913260
913261
913262
913263
913264
913265
913266
913269
913270
913271
913272
913273
913274
913275
913276
913277
913278
913279
913280
913281
913282
913283
913284
913285
913286
913287
913288
913289
913291
913293
913294
913295
913297
913298
913299
913300
913301
913302
913304
913305
913306
913307
913308
913310
913311
913312
913313
913315
913316
913317
913318
913319
913320
913321
913322
913323
913324
913325
913326
913327
913328
913329
913330
913331
913332
913658
913667
913668
913669
913670
913675
913677
913678
913682
913684
913686
913687
913688
913690
913691
913692
913694
913695
913696
913697
913698
913745
913746
913952
913963
913964
913965
913966
913967
913995
913996
914050
914053
914054
914055
914057
914058
914059
914061
914062
914064
914065
914066
914067
914068
914119
914120
914121
914122
914123
914124
914194
914229
914231
914232
914233
914234
914235
914237
914238
914244
914245
914246
914247
914248
914249
914251
914253
914254
914255
914296
914340
914341
914376
914377
914395
914424
914440
914441
914442
914444
914445
914446
914447
914549
914587
914588
914589
914590
914591
914592
914593
914609
914610
914611
914612
914613
914628
914629
914720
914721
914722
914724
914725
914726
914727
914728
914729
914730
914731
914732
914733
914734
914735
914736
914737
914738
914740
914741
914742
914744
914821
914822
914823
914863
914864
914933
914980
914982
914983
914984
914985
914986
914987
914988
914989
914990
914991
914992
914993
915046
915047
915048
915049
915050
915051
915052
915053
915080
915088
915090
915091
915093
915095
915114
915126
915179
915180
915182
915183
915204
915205
915206
915207
915208
915209
915212
915213
915214
915215
915216
915217
915219
915220
915221
915222
915223
915226
915227
915228
915229
915231
915232
915233
915234
915235
915237
915238
915239
915240
915242
915243
915244
915247
915248
915249
915250
915252
915253
915254
915255
915256
915257
915258
915259
915260
915261
915263
915264
915265
915272
915306
915307
915308
915309
915311
915312
915363
915380
915381
915382
915512
915594
915595
915596
915597
915598
915599
915600
915624
915626
915627
915628
915629
915630
915631
915632
915633
915634
915635
915636
915637
915638
915639
915640
915641
915642
915643
915644
915645
915646
915647
915648
915649
915650
915651
915653
915654
915655
915656
915657
915658
915659
915662
915666
915668
915669
915670
915671
915672
915673
915674
915675
915679
915681
915683
915716
915722
915723
915724
915725
915726
915727
915729
915730
915731
915732
915733
915779
915780
915781
915783
915809
915810
915811
915813
915814
915816
915817
915818
915819
915820
915821
915822
915823
915838
915858
915868
916113
916115
916117
916119
916121
916124
916147
916148
916149
916151
916153
916155
916156
916172
916173
916174
916175
916176
916177
916187
916188
916189
916192
916193
916194
916195
916211
916212
916213
916223
916224
916225
916281
916296
916298
916299
916351
916352
916353
916354
916442
916443
916444
916445
916446
916448
916451
916490
916491
916492
916493
916499
916571
916573
916574
916575
916576
916577
916578
916579
916580
916581
916586
916588
916589
916590
916591
916593
916595
916596
916599
916600
916601
916602
916603
916604
916607
916609
916620
916629
916630
916644
916645
916646
916647
916648
916649
916650
916651
916652
916653
916654
916655
916656
916657
916658
916659
916660
916661
916662
916663
916664
916665
916666
916667
916668
916669
916670
916671
916672
916673
916674
916675
916676
916677
916678
916679
916680
916681
916683
916684
916685
916686
916687
916688
916689
916690
916693
916694
916695
916696
916697
916698
916699
916700
916701
916702
916703
916704
916705
916706
916707
916708
916709
916710
916711
916713
916714
916715
916716
916717
916718
916719
916720
916721
916722
916723
916724
916725
916726
916727
916728
916729
916730
916731
916732
916733
916734
916735
916740
916741
916744
916745
916746
916747
916748
916749
916751
916752
916753
916754
916755
916756
916757
916758
916759
916762
916763
916765
916766
916767
916774
916776
916777
916784
916785
916786
916787
916788
916789
916790
916791
916792
916793
916794
916795
916796
916797
916799
916800
916801
916802
916803
916804
916805
916806
916964
916965
916966
916967
916968
916969
916970
916971
916972
916973
916974
916975
917031
917032
917085
917086
917087
917088
917122
917123
917146
917147
917148
917209
917221
917222
917243
917244
917249
917319
917320
917321
917322
917323
917324
917382
917383
917384
917385
917386
917387
917395
917441
917442
917549
917550
917551
917556
917557
917558
917559
917560
917563
917564
917656
917657
917658
917659
917681
917682
917683
917684
917685
917706
917708
917820
917840
917841
917842
917843
917844
917906
917951
917952
917975
917977
917978
917979
917980
917984
917985
917986
917987
917988
917989
917990
917991
917992
917993
917994
917995
917996
917998
917999
918000
918001
918002
918003
918004
918005
918006
918007
918008
918009
918010
918013
918014
918015
918016
918017
918018
918021
918022
918023
918031
918033
918034
918048
918051
918052
918057
918058
918068
918069
918073
918077
918078
918079
918080
918081
918083
918084
918085
918086
918088
918095
918098
918155
918157
918160
918162
918164
918166
918167
918169
918479
918480
918481
918482
918483
918484
918485
918486
918487
918488
918489
918490
918498
918563
918573
918620
918669
918724
918725
918726
918729
918730
918731
918894
918896
918897
918898
918899
918901
918902
918903
918904
918905
918906
918907
918908
918909
918910
918911
918912
918913
918952
918953
918954
918955
918956
918957
918958
918959
918960
918971
918972
918973
919096
919097
919118
919119
919121
919122
919123
919124
919125
919126
919127
919128
919129
919131
919133
919159
919174
919175
919176
919205
919206
919207
919509
919510
919512
919513
919514
919642
919687
919876
919877
920087
920119
920129
920130
920131
920132
920133
920134
920135
920136
920137
920138
920139
920140
920141
920142
920144
920145
920170
920264
920265
920266
920267
920328
920404
920405
920406
920407
920408
920409
920411
920436
920451
920452
920453
920454
920473
920474
920475
920476
920477
920478
920480
920499
920500
920501
920571
920583
920591
920830
920831
921193
921194
921195
921196
921197
921214
921283
921284
921342
921380
921381
921446
921457
921458
921476
921477
921499
921500
921501
921502
921505
921506
921512
921524
921576
921577
921578
921579
921580
921581
921582
921597
921598
921599
921600
921601
921610
921611
921620
921760
921761
921762
921763
921764
921765
921766
921767
921768
921769
921770
921771
921772
921773
921774
921776
921777
921778
921779
921783
921784
921785
921786
921787
921805
921806
921807
921823
921824
921825
921826
921827
921828
921829
921839
921841
921842
921843
921865
921952
921955
921989
921990
921991
922014
922015
922019
922020
922022
922035
922036
922041
922101
922102
922103
922112
922113
922114
922115
922116
922121
922122
922151
922152
922159
922160
922161
922170
922171
922172
922173
922174
922175
922191
922192
922193
922194
922220
922221
922222
922223
922240
922245
922246
922247
922248
922249
922250
922251
922253
922254
922260
922265
922266
922269
922278
922279
922280
922287
922288
922289
922290
922291
922299
922304
922305
922306
922307
922308
922309
922310
922311
922312
922313
922314
922315
922323
922326
922327
922340
922341
922342
922343
922344
922358
922359
922360
922361
922362
922409
922410
922443
922451
922453
922454
922455
922519
922529
922537
922538
922539
922555
922556
922557
922558
922559
922566
922572
922573
922574
922575
922576
922577
922578
922580
922581
922582
922583
922586
922587
922588
922589
922590
922591
922592
922593
922594
922595
922615
922627
922669
922670
922673
922674
922681
922682
922683
922684
922685
922686
922687
922709
922710
922741
922748
922749
922750
922753
922754
922818
922849
922861
922869
922870
922938
922954
922961
923014
923015
923016
923017
923026
923027
923028
923029
923030
923031
923032
923033
923034
923035
923036
923049
923050
923051
923052
923053
923054
923055
923056
923057
923058
923059
923060
923065
923080
923081
923087
923088
923089)


# Loop through the array and make a curl request for each value
for id in "${warehouseInventoryIds[@]}"; do
  curl --location 'https://warehouse.int.gurkerl.at/services/locator-api/9000/add-position' \
    --header 'X-Authentication-Simple: ZNGRSTAX9625' \
    --header 'Content-Type: application/json' \
    --data '{
      "location": "50A-1-1",
      "warehouseInventoryId": '"$id"'
    }'
sleep 0.01
done